9.851625075807454414e+04
9.842793797353751143e+04
9.816338403621011821e+04
9.772380039105656033e+04
9.711119310438541288e+04
9.632834324149548775e+04
9.537877998858933279e+04
9.426674708314123563e+04
9.299716323606450169e+04
9.157557732349917933e+04
9.000811918779165717e+04
8.830144692229230714e+04
8.646269152227409359e+04
8.449939976651720644e+04
8.241947615299871541e+04
8.023112465771060670e+04
7.794279101519164396e+04
7.556310614002285001e+04
7.310083122706679569e+04
7.056480498289593379e+04
6.796389335881896841e+04
6.530694207644459675e+04
6.260273216438402596e+04
5.985993865664307668e+04
5.708709254559043620e+04
5.429254602865948254e+04
5.148444104497312946e+04
4.867068105955029023e+04
4.585890602228689386e+04
4.305647040522748284e+04
4.027042420094512636e+04
3.750749675153104181e+04
3.477408326766880782e+04
3.207623388964971309e+04
2.941964513996862661e+04
2.680965361391480837e+04
2.425123175731829542e+04
2.174898558087809579e+04
1.930715416541790182e+04
1.692961081550097879e+04
1.461986572409816836e+04
1.238107001688914534e+04
1.021602104983569552e+04
8.127168839745746482e+03
6.116623514018792775e+03
4.186163671204028105e+03
2.337245550578558777e+03
5.710129146563325548e+02
-1.111692445616313762e+03
-2.710319667470531385e+03
-4.224597313675786609e+03
-5.654521484645533747e+03
-7.000343613883956095e+03
-8.262558010786131490e+03
-9.441889210112653018e+03
-1.053927918326106010e+04
-1.155587446203626132e+04
-1.249301322217678717e+04
-1.335221236958576083e+04
-1.413515466928781098e+04
-1.484367595374538359e+04
-1.547975244373546957e+04
-1.604548821256344308e+04
-1.654310282173324958e+04
-1.697491915340150445e+04
-1.734335146373882526e+04
-1.765089367801008120e+04
-1.790010794805173646e+04
-1.809361349017367684e+04
-1.823407572055625133e+04
-1.832419570427498547e+04
-1.836669993254018118e+04
-1.836433044216348208e+04
-1.831983528960175317e+04
-1.823595939192890364e+04
-1.811543574494466520e+04
-1.796097702877290067e+04
-1.777526760938374719e+04
-1.756095594448815245e+04
-1.732064740044750579e+04
-1.705689748641806364e+04
-1.677220551112854810e+04
-1.646900866656839571e+04
-1.614967654174755808e+04
-1.581650606956602496e+04
-1.547171690784487328e+04
-1.511744725567549176e+04
-1.475575010441932136e+04
-1.438858992208279051e+04
-1.401783976849202554e+04
-1.364527883783814650e+04
-1.327259042359120576e+04
-1.290136029979917475e+04
-1.253307551198103283e+04
-1.216912356873154386e+04
-1.181079202468653057e+04
-1.145926844400752998e+04
-1.111564073200177882e+04
-1.078089782237588770e+04
-1.045593070513487692e+04
-1.014153378055526082e+04
-9.838406522880430202e+03
-9.547155437000665188e+03
-9.268296290548494653e+03
-9.002256603670944969e+03
-8.749378377810080565e+03
-8.509921044585915297e+03
-8.284064615740229783e+03
-8.071913014874656255e+03
-7.873497571079107729e+03
-7.688780655314692012e+03
-7.517659439431062310e+03
-7.359969758562341667e+03
-7.215490057218485163e+03
-7.083945399808041657e+03
-6.965011526520572261e+03
-6.858318935940546908e+03
-6.763456976229988868e+03
-6.679977927143630950e+03
-6.607401055887798975e+03
-6.545216630432393686e+03
-6.492889874793382660e+03
-6.449864851465748870e+03
-6.415568257276650002e+03
-6.389413119651066154e+03
-6.370802381629232514e+03
-6.359132364197560491e+03
-6.353796096531168587e+03
-6.354186504604616857e+03
-6.359699450165688177e+03
-6.369736612923781649e+03
-6.383708209244280624e+03
-6.401035542349857678e+03
-6.421153378999846609e+03
-6.443512149616193710e+03
-6.467579969001692007e+03
-6.492844476186574866e+03
-6.518814492571382289e+03
-6.545021498755671018e+03
-6.571020931270276378e+03
-6.596393300852711945e+03
-6.620745135008908619e+03
-6.643709748371119531e+03
-6.664947844792489377e+03
-6.684147955851106417e+03
-6.701026721227566668e+03
-6.715329016534990842e+03
-6.726827935053654983e+03
-6.735324629889887547e+03
-6.740648023859109344e+03
9.851625075807454414e+04
9.842793797353751143e+04
9.816338403621011821e+04
9.772380039105656033e+04
9.711119310438541288e+04
9.632834324149548775e+04
9.537877998858933279e+04
9.426674708314123563e+04
9.299716323606450169e+04
9.157557732349917933e+04
9.000811918779165717e+04
8.830144692229230714e+04
8.646269152227409359e+04
8.449939976651720644e+04
8.241947615299871541e+04
8.023112465771060670e+04
7.794279101519164396e+04
7.556310614002285001e+04
7.310083122706679569e+04
7.056480498289593379e+04
6.796389335881896841e+04
6.530694207644459675e+04
6.260273216438402596e+04
5.985993865664307668e+04
5.708709254559043620e+04
5.429254602865948254e+04
5.148444104497312946e+04
4.867068105955029023e+04
4.585890602228689386e+04
4.305647040522748284e+04
4.027042420094512636e+04
3.750749675153104181e+04
3.477408326766880782e+04
3.207623388964971309e+04
2.941964513996862661e+04
2.680965361391480837e+04
2.425123175731829542e+04
2.174898558087809579e+04
1.930715416541790182e+04
1.692961081550097879e+04
1.461986572409816836e+04
1.238107001688914534e+04
1.021602104983569552e+04
8.127168839745746482e+03
6.116623514018792775e+03
4.186163671204028105e+03
2.337245550578558777e+03
5.710129146563325548e+02
-1.111692445616313762e+03
-2.710319667470531385e+03
-4.224597313675786609e+03
-5.654521484645533747e+03
-7.000343613883956095e+03
-8.262558010786131490e+03
-9.441889210112653018e+03
-1.053927918326106010e+04
-1.155587446203626132e+04
-1.249301322217678717e+04
-1.335221236958576083e+04
-1.413515466928781098e+04
-1.484367595374538359e+04
-1.547975244373546957e+04
-1.604548821256344308e+04
-1.654310282173324958e+04
-1.697491915340150445e+04
-1.734335146373882526e+04
-1.765089367801008120e+04
-1.790010794805173646e+04
-1.809361349017367684e+04
-1.823407572055625133e+04
-1.832419570427498547e+04
-1.836669993254018118e+04
-1.836433044216348208e+04
-1.831983528960175317e+04
-1.823595939192890364e+04
-1.811543574494466520e+04
-1.796097702877290067e+04
-1.777526760938374719e+04
-1.756095594448815245e+04
-1.732064740044750579e+04
-1.705689748641806364e+04
-1.677220551112854810e+04
-1.646900866656839571e+04
-1.614967654174755808e+04
-1.581650606956602496e+04
-1.547171690784487328e+04
-1.511744725567549176e+04
-1.475575010441932136e+04
-1.438858992208279051e+04
-1.401783976849202554e+04
-1.364527883783814650e+04
-1.327259042359120576e+04
-1.290136029979917475e+04
-1.253307551198103283e+04
-1.216912356873154386e+04
-1.181079202468653057e+04
-1.145926844400752998e+04
-1.111564073200177882e+04
-1.078089782237588770e+04
-1.045593070513487692e+04
-1.014153378055526082e+04
-9.838406522880430202e+03
-9.547155437000665188e+03
-9.268296290548494653e+03
-9.002256603670944969e+03
-8.749378377810080565e+03
-8.509921044585915297e+03
-8.284064615740229783e+03
-8.071913014874656255e+03
-7.873497571079107729e+03
-7.688780655314692012e+03
-7.517659439431062310e+03
-7.359969758562341667e+03
-7.215490057218485163e+03
-7.083945399808041657e+03
-6.965011526520572261e+03
-6.858318935940546908e+03
-6.763456976229988868e+03
-6.679977927143630950e+03
-6.607401055887798975e+03
-6.545216630432393686e+03
-6.492889874793382660e+03
-6.449864851465748870e+03
-6.415568257276650002e+03
-6.389413119651066154e+03
-6.370802381629232514e+03
-6.359132364197560491e+03
-6.353796096531168587e+03
-6.354186504604616857e+03
-6.359699450165688177e+03
-6.369736612923781649e+03
-6.383708209244280624e+03
-6.401035542349857678e+03
-6.421153378999846609e+03
-6.443512149616193710e+03
-6.467579969001692007e+03
-6.492844476186574866e+03
-6.518814492571382289e+03
-6.545021498755671018e+03
-6.571020931270276378e+03
-6.596393300852711945e+03
-6.620745135008908619e+03
-6.643709748371119531e+03
-6.664947844792489377e+03
-6.684147955851106417e+03
-6.701026721227566668e+03
-6.715329016534990842e+03
-6.726827935053654983e+03
-6.735324629889887547e+03
-6.740648023859109344e+03
