   3.0059998934461873E-012   0.0000000000000000     
   6.0119997868923746E-012   0.0000000000000000     
   9.0179996803385618E-012   0.0000000000000000     
   1.2023999573784749E-011   0.0000000000000000     
   1.5029999467230938E-011   0.0000000000000000     
   1.8035999360677124E-011   0.0000000000000000     
   2.1041999254123309E-011   0.0000000000000000     
   2.4047999147569498E-011   0.0000000000000000     
   2.7053999041015687E-011   0.0000000000000000     
   3.0059998934461876E-011   0.0000000000000000     
   3.3065998827908058E-011   0.0000000000000000     
   3.6071998721354247E-011   0.0000000000000000     
   3.9077998614800436E-011   0.0000000000000000     
   4.2083998508246619E-011   0.0000000000000000     
   4.5089998401692808E-011   0.0000000000000000     
   4.8095998295138996E-011   0.0000000000000000     
   5.1101998188585185E-011   0.0000000000000000     
   5.4107998082031374E-011   0.0000000000000000     
   5.7113997975477557E-011   0.0000000000000000     
   6.0119997868923752E-011   0.0000000000000000     
   6.3125997762369928E-011   0.0000000000000000     
   6.6131997655816117E-011   0.0000000000000000     
   6.9137997549262306E-011   0.0000000000000000     
   7.2143997442708495E-011   0.0000000000000000     
   7.5149997336154684E-011   0.0000000000000000     
   7.8155997229600872E-011   0.0000000000000000     
   8.1161997123047061E-011   0.0000000000000000     
   8.4167997016493237E-011   0.0000000000000000     
   8.7173996909939426E-011   0.0000000000000000     
   9.0179996803385615E-011   0.0000000000000000     
   9.3185996696831804E-011   0.0000000000000000     
   9.6191996590277993E-011   0.0000000000000000     
   9.9197996483724182E-011   0.0000000000000000     
   1.0220399637717037E-010   0.0000000000000000     
   1.0520999627061656E-010   0.0000000000000000     
   1.0821599616406275E-010   0.0000000000000000     
   1.1122199605750892E-010   0.0000000000000000     
   1.1422799595095511E-010   0.0000000000000000     
   1.1723399584440130E-010   0.0000000000000000     
   1.2023999573784750E-010   0.0000000000000000     
   1.2324599563129368E-010   0.0000000000000000     
   1.2625199552473986E-010   0.0000000000000000     
   1.2925799541818606E-010   0.0000000000000000     
   1.3226399531163223E-010   0.0000000000000000     
   1.3526999520507844E-010   0.0000000000000000     
   1.3827599509852461E-010   0.0000000000000000     
   1.4128199499197081E-010   0.0000000000000000     
   1.4428799488541699E-010   0.0000000000000000     
   1.4729399477886317E-010   0.0000000000000000     
   1.5029999467230937E-010   0.0000000000000000     
   1.5330599456575554E-010   0.0000000000000000     
   1.5631199445920174E-010   0.0000000000000000     
   1.5931799435264792E-010   0.0000000000000000     
   1.6232399424609412E-010   18.000000000000000     
   1.6532999413954030E-010   380.00000000000000     
   1.6833599403298647E-010   4674.0000000000000     
   1.7134199392643268E-010   32980.000000000000     
   1.7434799381987885E-010   139186.00000000000     
   1.7735399371332505E-010   402606.00000000000     
   1.8035999360677123E-010   878690.00000000000     
   1.8336599350021743E-010   1529174.0000000000     
   1.8637199339366361E-010   2251732.0000000000     
   1.8937799328710981E-010   2921604.0000000000     
   1.9238399318055599E-010   3446940.0000000000     
   1.9538999307400216E-010   3797954.0000000000     
   1.9839599296744836E-010   3975928.0000000000     
   2.0140199286089454E-010   4017424.0000000000     
   2.0440799275434074E-010   3958372.0000000000     
   2.0741399264778692E-010   3846938.0000000000     
   2.1041999254123312E-010   3697920.0000000000     
   2.1342599243467930E-010   3546714.0000000000     
   2.1643199232812550E-010   3401448.0000000000     
   2.1943799222157167E-010   3277502.0000000000     
   2.2244399211501785E-010   3172100.0000000000     
   2.2544999200846405E-010   3092740.0000000000     
   2.2845599190191023E-010   3046564.0000000000     
   2.3146199179535643E-010   3032434.0000000000     
   2.3446799168880260E-010   3045510.0000000000     
   2.3747399158224881E-010   3084174.0000000000     
   2.4047999147569501E-010   3149052.0000000000     
   2.4348599136914116E-010   3232782.0000000000     
   2.4649199126258736E-010   3326544.0000000000     
   2.4949799115603356E-010   3403708.0000000000     
   2.5250399104947971E-010   3453554.0000000000     
   2.5550999094292591E-010   3449332.0000000000     
   2.5851599083637212E-010   3387834.0000000000     
   2.6152199072981832E-010   3276260.0000000000     
   2.6452799062326447E-010   3129638.0000000000     
   2.6753399051671067E-010   2957410.0000000000     
   2.7053999041015687E-010   2781650.0000000000     
   2.7354599030360302E-010   2609062.0000000000     
   2.7655199019704922E-010   2455490.0000000000     
   2.7955799009049542E-010   2320490.0000000000     
   2.8256398998394163E-010   2203632.0000000000     
   2.8556998987738778E-010   2118060.0000000000     
   2.8857598977083398E-010   2051398.0000000000     
   2.9158198966428018E-010   2008712.0000000000     
   2.9458798955772633E-010   1990838.0000000000     
   2.9759398945117253E-010   1985100.0000000000     
   3.0059998934461873E-010   2005300.0000000000     
   3.0360598923806494E-010   2047318.0000000000     
   3.0661198913151109E-010   2115308.0000000000     
   3.0961798902495729E-010   2196836.0000000000     
   3.1262398891840349E-010   2309840.0000000000     
   3.1562998881184964E-010   2440716.0000000000     
   3.1863598870529584E-010   2597390.0000000000     
   3.2164198859874204E-010   2776684.0000000000     
   3.2464798849218825E-010   2981108.0000000000     
   3.2765398838563440E-010   3193388.0000000000     
   3.3065998827908060E-010   3431102.0000000000     
   3.3366598817252680E-010   3688426.0000000000     
   3.3667198806597295E-010   3951064.0000000000     
   3.3967798795941915E-010   4222882.0000000000     
   3.4268398785286535E-010   4500314.0000000000     
   3.4568998774631155E-010   4762856.0000000000     
   3.4869598763975770E-010   5028146.0000000000     
   3.5170198753320391E-010   5283274.0000000000     
   3.5470798742665011E-010   5529056.0000000000     
   3.5771398732009631E-010   5773560.0000000000     
   3.6071998721354246E-010   5998416.0000000000     
   3.6372598710698866E-010   6214584.0000000000     
   3.6673198700043486E-010   6420740.0000000000     
   3.6973798689388101E-010   6634584.0000000000     
   3.7274398678732722E-010   6831396.0000000000     
   3.7574998668077342E-010   7036772.0000000000     
   3.7875598657421962E-010   7225966.0000000000     
   3.8176198646766577E-010   7404022.0000000000     
   3.8476798636111197E-010   7573358.0000000000     
   3.8777398625455817E-010   7724190.0000000000     
   3.9077998614800432E-010   7846496.0000000000     
   3.9378598604145053E-010   7950896.0000000000     
   3.9679198593489673E-010   8041602.0000000000     
   3.9979798582834293E-010   8097480.0000000000     
   4.0280398572178908E-010   8151058.0000000000     
   4.0580998561523528E-010   8178152.0000000000     
   4.0881598550868148E-010   8201942.0000000000     
   4.1182198540212763E-010   8209426.0000000000     
   4.1482798529557383E-010   8210218.0000000000     
   4.1783398518902004E-010   8217760.0000000000     
   4.2083998508246624E-010   8203730.0000000000     
   4.2384598497591239E-010   8191638.0000000000     
   4.2685198486935859E-010   8185672.0000000000     
   4.2985798476280479E-010   8175804.0000000000     
   4.3286398465625099E-010   8158298.0000000000     
   4.3586998454969714E-010   8131268.0000000000     
   4.3887598444314335E-010   8110852.0000000000     
   4.4188198433658955E-010   8074060.0000000000     
   4.4488798423003570E-010   8040978.0000000000     
   4.4789398412348190E-010   7982444.0000000000     
   4.5089998401692810E-010   7929826.0000000000     
   4.5390598391037430E-010   7864934.0000000000     
   4.5691198380382045E-010   7799398.0000000000     
   4.5991798369726666E-010   7734250.0000000000     
   4.6292398359071286E-010   7669880.0000000000     
   4.6592998348415906E-010   7629068.0000000000     
   4.6893598337760521E-010   7587982.0000000000     
   4.7194198327105136E-010   7558372.0000000000     
   4.7494798316449761E-010   7562360.0000000000     
   4.7795398305794376E-010   7584168.0000000000     
   4.8095998295139002E-010   7623906.0000000000     
   4.8396598284483617E-010   7696390.0000000000     
   4.8697198273828232E-010   7795200.0000000000     
   4.8997798263172857E-010   7914070.0000000000     
   4.9298398252517472E-010   8049534.0000000000     
   4.9598998241862087E-010   8225882.0000000000     
   4.9899598231206712E-010   8428534.0000000000     
   5.0200198220551327E-010   8652138.0000000000     
   5.0500798209895942E-010   8898980.0000000000     
   5.0801398199240568E-010   9156220.0000000000     
   5.1101998188585183E-010   9448638.0000000000     
   5.1402598177929798E-010   9748952.0000000000     
   5.1703198167274423E-010   10042776.000000000     
   5.2003798156619038E-010   10361658.000000000     
   5.2304398145963663E-010   10672554.000000000     
   5.2604998135308279E-010   10992632.000000000     
   5.2905598124652894E-010   11310956.000000000     
   5.3206198113997519E-010   11621446.000000000     
   5.3506798103342134E-010   11927592.000000000     
   5.3807398092686749E-010   12242210.000000000     
   5.4107998082031374E-010   12518742.000000000     
   5.4408598071375989E-010   12791842.000000000     
   5.4709198060720604E-010   13058806.000000000     
   5.5009798050065230E-010   13289400.000000000     
   5.5310398039409845E-010   13508484.000000000     
   5.5610998028754460E-010   13723388.000000000     
   5.5911598018099085E-010   13911972.000000000     
   5.6212198007443700E-010   14094888.000000000     
   5.6512797996788325E-010   14265834.000000000     
   5.6813397986132940E-010   14400640.000000000     
   5.7113997975477555E-010   14519454.000000000     
   5.7414597964822181E-010   14647598.000000000     
   5.7715197954166796E-010   14745384.000000000     
   5.8015797943511411E-010   14822668.000000000     
   5.8316397932856036E-010   14893046.000000000     
   5.8616997922200651E-010   14954486.000000000     
   5.8917597911545266E-010   15002234.000000000     
   5.9218197900889891E-010   15053034.000000000     
   5.9518797890234507E-010   15087714.000000000     
   5.9819397879579132E-010   15118642.000000000     
   6.0119997868923747E-010   15127474.000000000     
   6.0420597858268362E-010   15154980.000000000     
   6.0721197847612987E-010   15168252.000000000     
   6.1021797836957602E-010   15176186.000000000     
   6.1322397826302217E-010   15191414.000000000     
   6.1622997815646843E-010   15192672.000000000     
   6.1923597804991458E-010   15204062.000000000     
   6.2224197794336073E-010   15225670.000000000     
   6.2524797783680698E-010   15234726.000000000     
   6.2825397773025313E-010   15249902.000000000     
   6.3125997762369928E-010   15278212.000000000     
   6.3426597751714553E-010   15311592.000000000     
   6.3727197741059168E-010   15346776.000000000     
   6.4027797730403794E-010   15372366.000000000     
   6.4328397719748409E-010   15418710.000000000     
   6.4628997709093024E-010   15463976.000000000     
   6.4929597698437649E-010   15522740.000000000     
   6.5230197687782264E-010   15607596.000000000     
   6.5530797677126879E-010   15686936.000000000     
   6.5831397666471504E-010   15794234.000000000     
   6.6131997655816119E-010   15924092.000000000     
   6.6432597645160734E-010   16060836.000000000     
   6.6733197634505360E-010   16205414.000000000     
   6.7033797623849975E-010   16383328.000000000     
   6.7334397613194590E-010   16577646.000000000     
   6.7634997602539215E-010   16764248.000000000     
   6.7935597591883830E-010   16998398.000000000     
   6.8236197581228456E-010   17231700.000000000     
   6.8536797570573071E-010   17484614.000000000     
   6.8837397559917686E-010   17758156.000000000     
   6.9137997549262311E-010   18025992.000000000     
   6.9438597538606926E-010   18320386.000000000     
   6.9739197527951541E-010   18613760.000000000     
   7.0039797517296166E-010   18919358.000000000     
   7.0340397506640781E-010   19232202.000000000     
   7.0640997495985396E-010   19535530.000000000     
   7.0941597485330022E-010   19852682.000000000     
   7.1242197474674637E-010   20153108.000000000     
   7.1542797464019262E-010   20455034.000000000     
   7.1843397453363877E-010   20757800.000000000     
   7.2143997442708492E-010   21048540.000000000     
   7.2444597432053117E-010   21325422.000000000     
   7.2745197421397732E-010   21599808.000000000     
   7.3045797410742347E-010   21869902.000000000     
   7.3346397400086973E-010   22102122.000000000     
   7.3646997389431588E-010   22343688.000000000     
   7.3947597378776203E-010   22557802.000000000     
   7.4248197368120828E-010   22775760.000000000     
   7.4548797357465443E-010   22981058.000000000     
   7.4849397346810058E-010   23162080.000000000     
   7.5149997336154684E-010   23339786.000000000     
   7.5450597325499299E-010   23500564.000000000     
   7.5751197314843924E-010   23634314.000000000     
   7.6051797304188539E-010   23766352.000000000     
   7.6352397293533154E-010   23898724.000000000     
   7.6652997282877779E-010   23996736.000000000     
   7.6953597272222394E-010   24105116.000000000     
   7.7254197261567009E-010   24205652.000000000     
   7.7554797250911635E-010   24292368.000000000     
   7.7855397240256250E-010   24370814.000000000     
   7.8155997229600865E-010   24431598.000000000     
   7.8456597218945490E-010   24517822.000000000     
   7.8757197208290105E-010   24579288.000000000     
   7.9057797197634730E-010   24632314.000000000     
   7.9358397186979345E-010   24706530.000000000     
   7.9658997176323960E-010   24767008.000000000     
   7.9959597165668586E-010   24840650.000000000     
   8.0260197155013201E-010   24895998.000000000     
   8.0560797144357816E-010   24973400.000000000     
   8.0861397133702441E-010   25049668.000000000     
   8.1161997123047056E-010   25126962.000000000     
   8.1462597112391671E-010   25209456.000000000     
   8.1763197101736297E-010   25310740.000000000     
   8.2063797091080912E-010   25424418.000000000     
   8.2364397080425527E-010   25533288.000000000     
   8.2664997069770152E-010   25665228.000000000     
   8.2965597059114767E-010   25817820.000000000     
   8.3266197048459392E-010   25980580.000000000     
   8.3566797037804007E-010   26145628.000000000     
   8.3867397027148622E-010   26309320.000000000     
   8.4167997016493248E-010   26522164.000000000     
   8.4468597005837863E-010   26671580.000000000     
   8.4769196995182478E-010   26622580.000000000     
   8.5069796984527103E-010   26560698.000000000     
   8.5370396973871718E-010   26512292.000000000     
   8.5670996963216333E-010   26458216.000000000     
   8.5971596952560958E-010   26420658.000000000     
   8.6272196941905573E-010   26412876.000000000     
   8.6572796931250199E-010   26393056.000000000     
   8.6873396920594814E-010   26371534.000000000     
   8.7173996909939429E-010   26341584.000000000     
   8.7474596899284054E-010   26348060.000000000     
   8.7775196888628669E-010   26320174.000000000     
   8.8075796877973284E-010   26306886.000000000     
   8.8376396867317910E-010   26286154.000000000     
   8.8676996856662525E-010   26248826.000000000     
   8.8977596846007140E-010   26203160.000000000     
   8.9278196835351765E-010   26159518.000000000     
   8.9578796824696380E-010   26085898.000000000     
   8.9879396814040995E-010   26034056.000000000     
   9.0179996803385620E-010   25993676.000000000     
   9.0480596792730235E-010   25905436.000000000     
   9.0781196782074861E-010   25809374.000000000     
   9.1081796771419476E-010   25697516.000000000     
   9.1382396760764091E-010   25582770.000000000     
   9.1682996750108716E-010   25479092.000000000     
   9.1983596739453331E-010   25364592.000000000     
   9.2284196728797946E-010   25239532.000000000     
   9.2584796718142571E-010   25100488.000000000     
   9.2885396707487186E-010   24947602.000000000     
   9.3185996696831812E-010   24792394.000000000     
   9.3486596686176416E-010   24632598.000000000     
   9.3787196675521042E-010   24474844.000000000     
   9.4087796664865667E-010   24286590.000000000     
   9.4388396654210272E-010   24097158.000000000     
   9.4688996643554897E-010   23912142.000000000     
   9.4989596632899523E-010   23729752.000000000     
   9.5290196622244127E-010   23543204.000000000     
   9.5590796611588753E-010   23322772.000000000     
   9.5891396600933378E-010   23121964.000000000     
   9.6191996590278003E-010   22899054.000000000     
   9.6492596579622608E-010   22660398.000000000     
   9.6793196568967233E-010   22470444.000000000     
   9.7093796558311859E-010   22244854.000000000     
   9.7394396547656463E-010   22022134.000000000     
   9.7694996537001089E-010   21803342.000000000     
   9.7995596526345714E-010   21574096.000000000     
   9.8296196515690319E-010   21357018.000000000     
   9.8596796505034944E-010   21139726.000000000     
   9.8897396494379569E-010   20937004.000000000     
   9.9197996483724174E-010   20736066.000000000     
   9.9498596473068799E-010   20525896.000000000     
   9.9799196462413425E-010   20323584.000000000     
   1.0009979645175803E-009   20119662.000000000     
   1.0040039644110265E-009   19926894.000000000     
   1.0070099643044728E-009   19729946.000000000     
   1.0100159641979188E-009   19536684.000000000     
   1.0130219640913651E-009   19365686.000000000     
   1.0160279639848114E-009   19194430.000000000     
   1.0190339638782574E-009   19050232.000000000     
   1.0220399637717037E-009   18873788.000000000     
   1.0250459636651499E-009   18706690.000000000     
   1.0280519635585960E-009   18535876.000000000     
   1.0310579634520422E-009   18369406.000000000     
   1.0340639633454885E-009   18228904.000000000     
   1.0370699632389345E-009   18070994.000000000     
   1.0400759631323808E-009   17918274.000000000     
   1.0430819630258270E-009   17765362.000000000     
   1.0460879629192733E-009   17599142.000000000     
   1.0490939628127193E-009   17445948.000000000     
   1.0520999627061656E-009   17288178.000000000     
   1.0551059625996118E-009   17135894.000000000     
   1.0581119624930579E-009   16980138.000000000     
   1.0611179623865041E-009   16823798.000000000     
   1.0641239622799504E-009   16658078.000000000     
   1.0671299621733964E-009   16480900.000000000     
   1.0701359620668427E-009   16301338.000000000     
   1.0731419619602889E-009   16128684.000000000     
   1.0761479618537350E-009   15943018.000000000     
   1.0791539617471812E-009   15766722.000000000     
   1.0821599616406275E-009   15581674.000000000     
   1.0851659615340735E-009   15385170.000000000     
   1.0881719614275198E-009   15181142.000000000     
   1.0911779613209660E-009   14986266.000000000     
   1.0941839612144121E-009   14767874.000000000     
   1.0971899611078583E-009   14560894.000000000     
   1.1001959610013046E-009   14343588.000000000     
   1.1032019608947506E-009   14133652.000000000     
   1.1062079607881969E-009   13904928.000000000     
   1.1092139606816431E-009   13667530.000000000     
   1.1122199605750892E-009   13428108.000000000     
   1.1152259604685354E-009   13193926.000000000     
   1.1182319603619817E-009   12966458.000000000     
   1.1212379602554280E-009   12726512.000000000     
   1.1242439601488740E-009   12482478.000000000     
   1.1272499600423203E-009   12234086.000000000     
   1.1302559599357665E-009   11984904.000000000     
   1.1332619598292126E-009   11739192.000000000     
   1.1362679597226588E-009   11492406.000000000     
   1.1392739596161051E-009   11242708.000000000     
   1.1422799595095511E-009   10986658.000000000     
   1.1452859594029974E-009   10737496.000000000     
   1.1482919592964436E-009   10487094.000000000     
   1.1512979591898897E-009   10225912.000000000     
   1.1543039590833359E-009   9962980.0000000000     
   1.1573099589767822E-009   9692770.0000000000     
   1.1603159588702282E-009   9426806.0000000000     
   1.1633219587636745E-009   9175054.0000000000     
   1.1663279586571207E-009   8922142.0000000000     
   1.1693339585505668E-009   8661652.0000000000     
   1.1723399584440130E-009   8393860.0000000000     
   1.1753459583374593E-009   8130274.0000000000     
   1.1783519582309053E-009   7876034.0000000000     
   1.1813579581243516E-009   7614452.0000000000     
   1.1843639580177978E-009   7364002.0000000000     
   1.1873699579112439E-009   7103162.0000000000     
   1.1903759578046901E-009   6844370.0000000000     
   1.1933819576981364E-009   6593506.0000000000     
   1.1963879575915826E-009   6353290.0000000000     
   1.1993939574850287E-009   6142220.0000000000     
   1.2023999573784749E-009   5939366.0000000000     
   1.2054059572719212E-009   5757202.0000000000     
   1.2084119571653672E-009   5580206.0000000000     
   1.2114179570588135E-009   5401544.0000000000     
   1.2144239569522597E-009   5244266.0000000000     
   1.2174299568457058E-009   5074642.0000000000     
   1.2204359567391520E-009   4924286.0000000000     
   1.2234419566325983E-009   4773182.0000000000     
   1.2264479565260443E-009   4635548.0000000000     
   1.2294539564194906E-009   4495100.0000000000     
   1.2324599563129369E-009   4353728.0000000000     
   1.2354659562063829E-009   4229570.0000000000     
   1.2384719560998292E-009   4091938.0000000000     
   1.2414779559932754E-009   3975898.0000000000     
   1.2444839558867215E-009   3846320.0000000000     
   1.2474899557801677E-009   3721384.0000000000     
   1.2504959556736140E-009   3603530.0000000000     
   1.2535019555670600E-009   3487708.0000000000     
   1.2565079554605063E-009   3378054.0000000000     
   1.2595139553539525E-009   3264282.0000000000     
   1.2625199552473986E-009   3151022.0000000000     
   1.2655259551408448E-009   3045782.0000000000     
   1.2685319550342911E-009   2940542.0000000000     
   1.2715379549277373E-009   2835402.0000000000     
   1.2745439548211834E-009   2734448.0000000000     
   1.2775499547146296E-009   2637984.0000000000     
   1.2805559546080759E-009   2539716.0000000000     
   1.2835619545015219E-009   2449848.0000000000     
   1.2865679543949682E-009   2349540.0000000000     
   1.2895739542884144E-009   2260230.0000000000     
   1.2925799541818605E-009   2179758.0000000000     
   1.2955859540753067E-009   2089608.0000000000     
   1.2985919539687530E-009   2007560.0000000000     
   1.3015979538621990E-009   1922404.0000000000     
   1.3046039537556453E-009   1841888.0000000000     
   1.3076099536490915E-009   1758984.0000000000     
   1.3106159535425376E-009   1682004.0000000000     
   1.3136219534359838E-009   1606430.0000000000     
   1.3166279533294301E-009   1537088.0000000000     
   1.3196339532228761E-009   1466830.0000000000     
   1.3226399531163224E-009   1400808.0000000000     
   1.3256459530097686E-009   1332438.0000000000     
   1.3286519529032147E-009   1266096.0000000000     
   1.3316579527966609E-009   1205202.0000000000     
   1.3346639526901072E-009   1144484.0000000000     
   1.3376699525835532E-009   1086874.0000000000     
   1.3406759524769995E-009   1034316.0000000000     
   1.3436819523704458E-009   974474.00000000000     
   1.3466879522638918E-009   923808.00000000000     
   1.3496939521573381E-009   874514.00000000000     
   1.3526999520507843E-009   823288.00000000000     
   1.3557059519442306E-009   771994.00000000000     
   1.3587119518376766E-009   727976.00000000000     
   1.3617179517311229E-009   685052.00000000000     
   1.3647239516245691E-009   643326.00000000000     
   1.3677299515180152E-009   604522.00000000000     
   1.3707359514114614E-009   564284.00000000000     
   1.3737419513049077E-009   526738.00000000000     
   1.3767479511983537E-009   491148.00000000000     
   1.3797539510918000E-009   456352.00000000000     
   1.3827599509852462E-009   421768.00000000000     
   1.3857659508786923E-009   390086.00000000000     
   1.3887719507721385E-009   361712.00000000000     
   1.3917779506655848E-009   331750.00000000000     
   1.3947839505590308E-009   304916.00000000000     
   1.3977899504524771E-009   279064.00000000000     
   1.4007959503459233E-009   254358.00000000000     
   1.4038019502393694E-009   228716.00000000000     
   1.4068079501328156E-009   205262.00000000000     
   1.4098139500262619E-009   183404.00000000000     
   1.4128199499197079E-009   163168.00000000000     
   1.4158259498131542E-009   144554.00000000000     
   1.4188319497066004E-009   126768.00000000000     
   1.4218379496000465E-009   109918.00000000000     
   1.4248439494934927E-009   93456.000000000000     
   1.4278499493869390E-009   78770.000000000000     
   1.4308559492803852E-009   64750.000000000000     
   1.4338619491738313E-009   53124.000000000000     
   1.4368679490672775E-009   42116.000000000000     
   1.4398739489607238E-009   32478.000000000000     
   1.4428799488541698E-009   23710.000000000000     
   1.4458859487476161E-009   16566.000000000000     
   1.4488919486410623E-009   11128.000000000000     
   1.4518979485345084E-009   6396.0000000000000     
   1.4549039484279546E-009   3064.0000000000000     
   1.4579099483214009E-009   934.00000000000000     
   1.4609159482148469E-009   102.00000000000000     
   1.4639219481082932E-009   0.0000000000000000     
   1.4669279480017395E-009   0.0000000000000000     
   1.4699339478951855E-009   0.0000000000000000     
   1.4729399477886318E-009   0.0000000000000000     
   1.4759459476820780E-009   0.0000000000000000     
   1.4789519475755241E-009   0.0000000000000000     
   1.4819579474689703E-009   0.0000000000000000     
   1.4849639473624166E-009   0.0000000000000000     
   1.4879699472558626E-009   0.0000000000000000     
   1.4909759471493089E-009   0.0000000000000000     
   1.4939819470427551E-009   0.0000000000000000     
   1.4969879469362012E-009   0.0000000000000000     
   1.4999939468296474E-009   0.0000000000000000     
   1.5029999467230937E-009   0.0000000000000000     
