   2.2590088398496226E-022   0.0000000000000000     
   9.0360353593984905E-022   0.0000000000000000     
   2.0331079558646606E-021   0.0000000000000000     
   3.6144141437593962E-021   0.0000000000000000     
   5.6475220996240560E-021   0.0000000000000000     
   8.1324318234586424E-021   0.0000000000000000     
   1.1069143315263153E-020   0.0000000000000000     
   1.4457656575037585E-020   0.0000000000000000     
   1.8297971602781944E-020   0.0000000000000000     
   2.2590088398496224E-020   0.0000000000000000     
   2.7334006962180438E-020   0.0000000000000000     
   3.2529727293834570E-020   0.0000000000000000     
   3.8177249393458626E-020   0.0000000000000000     
   4.4276573261052612E-020   0.0000000000000000     
   5.0827698896616516E-020   0.0000000000000000     
   5.7830626300150339E-020   0.0000000000000000     
   6.5285355471654104E-020   0.0000000000000000     
   7.3191886411127775E-020   0.0000000000000000     
   8.1550219118571389E-020   0.0000000000000000     
   9.0360353593984897E-020   0.0000000000000000     
   9.9622289837368359E-020   0.0000000000000000     
   1.0933602784872175E-019   0.0000000000000000     
   1.1950156762804504E-019   0.0000000000000000     
   1.3011890917533828E-019   0.0000000000000000     
   1.4118805249060145E-019   0.0000000000000000     
   1.5270899757383450E-019   0.0000000000000000     
   1.6468174442503751E-019   0.0000000000000000     
   1.7710629304421045E-019   0.0000000000000000     
   1.8998264343135327E-019   0.0000000000000000     
   2.0331079558646607E-019   0.0000000000000000     
   2.1709074950954872E-019   0.0000000000000000     
   2.3132250520060136E-019   0.0000000000000000     
   2.4600606265962392E-019   0.0000000000000000     
   2.6114142188661642E-019   0.0000000000000000     
   2.7672858288157875E-019   0.0000000000000000     
   2.9276754564451110E-019   0.0000000000000000     
   3.0925831017541334E-019   0.0000000000000000     
   3.2620087647428556E-019   0.0000000000000000     
   3.4359524454112765E-019   0.0000000000000000     
   3.6144141437593959E-019   0.0000000000000000     
   3.7973938597872155E-019   0.0000000000000000     
   3.9848915934947343E-019   0.0000000000000000     
   4.1769073448819525E-019   0.0000000000000000     
   4.3734411139488700E-019   0.0000000000000000     
   4.5744929006954864E-019   0.0000000000000000     
   4.7800627051218015E-019   0.0000000000000000     
   4.9901505272278164E-019   0.0000000000000000     
   5.2047563670135311E-019   0.0000000000000000     
   5.4238802244789447E-019   0.0000000000000000     
   5.6475220996240580E-019   0.0000000000000000     
   5.8756819924488682E-019   0.0000000000000000     
   6.1083599029533801E-019   0.0000000000000000     
   6.3455558311375908E-019   0.0000000000000000     
   6.5872697770015004E-019   0.0000000000000000     
   6.8335017405451097E-019   0.0000000000000000     
   7.0842517217684179E-019   0.0000000000000000     
   7.3395197206714239E-019   0.0000000000000000     
   7.5993057372541307E-019   0.0000000000000000     
   7.8636097715165372E-019   0.0000000000000000     
   8.1324318234586426E-019   0.0000000000000000     
   8.4057718930804468E-019   0.0000000000000000     
   8.6836299803819489E-019   0.0000000000000000     
   8.9660060853631536E-019   0.0000000000000000     
   9.2529002080240543E-019   0.0000000000000000     
   9.5443123483646547E-019   0.0000000000000000     
   9.8402425063849569E-019   0.0000000000000000     
   1.0140690682084955E-018   0.0000000000000000     
   1.0445656875464657E-018   0.0000000000000000     
   1.0755141086524054E-018   0.0000000000000000     
   1.1069143315263150E-018   0.0000000000000000     
   1.1387663561681949E-018   0.0000000000000000     
   1.1710701825780444E-018   0.0000000000000000     
   1.2038258107558641E-018   0.0000000000000000     
   1.2370332407016534E-018   0.0000000000000000     
   1.2706924724154126E-018   0.0000000000000000     
   1.3048035058971422E-018   0.0000000000000000     
   1.3393663411468412E-018   0.0000000000000000     
   1.3743809781645106E-018   0.0000000000000000     
   1.4098474169501496E-018   0.0000000000000000     
   1.4457656575037583E-018   0.0000000000000000     
   1.4821356998253377E-018   0.0000000000000000     
   1.5189575439148862E-018   0.0000000000000000     
   1.5562311897724053E-018   0.0000000000000000     
   1.5939566373978937E-018   0.0000000000000000     
   1.6321338867913528E-018   0.0000000000000000     
   1.6707629379527810E-018   0.0000000000000000     
   1.7098437908821792E-018   0.0000000000000000     
   1.7493764455795480E-018   0.0000000000000000     
   1.7893609020448862E-018   0.0000000000000000     
   1.8297971602781945E-018   0.0000000000000000     
   1.8706852202794727E-018   0.0000000000000000     
   1.9120250820487206E-018   0.0000000000000000     
   1.9538167455859391E-018   0.0000000000000000     
   1.9960602108911266E-018   0.0000000000000000     
   2.0387554779642850E-018   0.0000000000000000     
   2.0819025468054124E-018   0.0000000000000000     
   2.1255014174145097E-018   0.0000000000000000     
   2.1695520897915779E-018   0.0000000000000000     
   2.2140545639366151E-018   0.0000000000000000     
   2.2590088398496232E-018   0.0000000000000000     
