   0.0000000000000000     
   3.9888622895104313E-017
   1.5948293573770453E-016
   3.5856866099939464E-016
   6.3678980233401950E-016
   9.9365027038102281E-016
   1.4285161358914695E-015
   1.9406184883725262E-015
   2.5290568729897961E-015
   3.1928032736452126E-015
   3.9307066059133046E-015
   4.7414976799763940E-015
   5.6237945908536774E-015
   6.5761084912089678E-015
   7.5968497004071292E-015
   8.6843341029506487E-015
   9.8367897891463179E-015
   1.1052363891384736E-014
   1.2329129570248494E-014
   1.3665093106025747E-014
   1.5058201052999500E-014
   1.6506347416021316E-014
   1.8007380810629786E-014
   1.9559111571269424E-014
   2.1159318773719633E-014
   2.2805757141565191E-014
   2.4496163807997989E-014
   2.6228264908063275E-014
   2.7999781978186023E-014
   2.9808438142786018E-014
   3.1651964069988424E-014
   3.3528103681453477E-014
   3.5434619602336494E-014
   3.7369298341271258E-014
   3.9329955190621305E-014
   4.1314438840900234E-014
   4.3320635703285569E-014
   4.5346473937499088E-014
   4.7389927182853478E-014
   4.9449017991959078E-014
   5.1521820968411016E-014
   5.3606465609873317E-014
   5.5701138860786695E-014
   5.7804087377574357E-014
   5.9913619513323067E-014
   6.2028107026137835E-014
   6.4145986519333147E-014
   6.6265760620183622E-014
   6.8385998905739673E-014
   7.0505338583288475E-014
   7.2622484936520828E-014
   7.4736211544319805E-014
   7.6845360283128147E-014
   7.8948841123770276E-014
   8.1045631730384038E-014
   8.3134776874412675E-014
   8.5215387671683146E-014
   8.7286640654877335E-014
   8.9347776690607764E-014
   9.1398099752059233E-014
   9.3436975556800051E-014
   9.5463830081683627E-014
   9.7478147962933923E-014
   9.9479470793685405E-014
   1.0146739532683810E-013
   1.0344157159531073E-013
   1.0540170095759457E-013
   1.0734753407900266E-013
   1.0927886885751984E-013
   1.1119554830399442E-013
   1.1309745838429511E-013
   1.1498452583327203E-013
   1.1685671594772304E-013
   1.1871403036704552E-013
   1.2055650484906580E-013
   1.2238420704844730E-013
   1.2419723430432519E-013
   1.2599571144524841E-013
   1.2777978861586833E-013
   1.2954963913313678E-013
   1.3130545737800357E-013
   1.3304745672554352E-013
   1.3477586752267008E-013
   1.3649093511411129E-013
   1.3819291792407910E-013
   1.3988208559668152E-013
   1.4155871719880613E-013
   1.4322309948889797E-013
   1.4487552525513021E-013
   1.4651629172448052E-013
   1.4814569904756115E-013
   1.4976404885771648E-013
   1.5137164290833891E-013
   1.5296878178981230E-013
   1.5455576372484050E-013
   1.5613288344588688E-013
   1.5770043115059726E-013
   1.5925869154160313E-013
   1.6080794294309046E-013
   1.6234845649971414E-013
   1.6388049545401563E-013
   1.6540431450181926E-013
   1.6692015922370335E-013
   1.6842826559339536E-013
   1.6992885955805351E-013
   1.7142215669074623E-013
   1.7290836191171321E-013
   1.7438766927838726E-013
   1.7586026183723713E-013
   1.7732631153838613E-013
   1.7878597921143246E-013
   1.8023941459306943E-013
   1.8168675641123686E-013
   1.8312813251725933E-013
   1.8456366006576037E-013
   1.8599344573663112E-013
   1.8741758599761907E-013
   1.8883616740316782E-013
   1.9024926692821018E-013
   1.9165695232773195E-013
   1.9305928252755865E-013
   1.9445630803500934E-013
   1.9584807137105611E-013
   1.9723460751914216E-013
   1.9861594438920475E-013
   1.9999210329039739E-013
   2.0136309941392636E-013
   2.0272894232316825E-013
   2.0408963644158904E-013
   2.0544518154740073E-013
   2.0679557326161649E-013
   2.0814080353405446E-013
   2.0948086112182327E-013
   2.1081573206003806E-013
   2.1214540012017099E-013
   2.1346984725784365E-013
   2.1478905404427049E-013
   2.1610300008376231E-013
   2.1741166441243108E-013
   2.1871502587869465E-013
   2.2001306350557608E-013
   2.2130575682977550E-013
   2.2259308622165222E-013
   2.2387503318271218E-013
   2.2515158061956772E-013
   2.2642271309582781E-013
   2.2768841706145760E-013
   2.2894868105778531E-013
   2.3020349589929626E-013
   2.3145285483476614E-013
   2.3269675368214179E-013
   2.3393519094418808E-013
   2.3516816790074961E-013
   2.3639568868028194E-013
   2.3761776031149908E-013
   2.3883439275342040E-013
   2.4004559890928088E-013
   2.4125139462033573E-013
   2.4245179864291864E-013
   2.4364683261013092E-013
   2.4483652097741155E-013
   2.4602089095376199E-013
   2.4719997241996337E-013
   2.4837379783550078E-013
   2.4954240212985461E-013
   2.5070582258941517E-013
   2.5186409873009332E-013
   2.5301727216377687E-013
   2.5416538645701005E-013
   2.5530848698405607E-013
   2.5644662077296541E-013
   2.5757983634999878E-013
   2.5870818357818124E-013
   2.5983171349664368E-013
   2.6095047815577526E-013
   2.6206453045460989E-013
   2.6317392397862897E-013
   2.6427871283664724E-013
   2.6537895150414648E-013
   2.6647469466623416E-013
   2.6756599706762625E-013
   2.6865291336351515E-013
   2.6973549797975539E-013
   2.7081380497398465E-013
   2.7188788790679849E-013
   2.7295779971628379E-013
   2.7402359260181372E-013
   2.7508531791081907E-013
   2.7614302603778053E-013
   2.7719676632768475E-013
   2.7824658698629423E-013
   2.7929253500217644E-013
   2.8033465607354102E-013
   2.8137299454484227E-013
   2.8240759335139934E-013
   2.8343849397328923E-013
   2.8446573639698940E-013
   2.8548935908561241E-013
   2.8650939895736233E-013
   2.8752589137285199E-013
   2.8853887013060928E-013
   2.8954836746759740E-013
   2.9055441407214529E-013
   2.9155703909888285E-013
   2.9255627019504680E-013
   2.9355213352909929E-013
   2.9454465382882280E-013
   2.9553385442311079E-013
   2.9651975728772049E-013
   2.9750238309912405E-013
   2.9848175128854369E-013
   2.9945788010202670E-013
   3.0043078666212876E-013
   3.0140048703308001E-013
   3.0236699628770468E-013
   3.0333032857631353E-013
   3.0429049719598267E-013
   3.0524751466215042E-013
   3.0620139277899507E-013
   3.0715214271246074E-013
   3.0809977505994721E-013
   3.0904429992146689E-013
   3.0998572697007147E-013
   3.1092406552018311E-013
   3.1185932459456665E-013
   3.1279151299296111E-013
   3.1372063935182264E-013
   3.1464671221213312E-013
   3.1556974007538972E-013
   3.1648973146519403E-013
   3.1740669498103904E-013
   3.1832063935232070E-013
   3.1923157348760076E-013
   3.2013950652252699E-013
   3.2104444786209350E-013
   3.2194640722155746E-013
   3.2284539466169798E-013
   3.2374142062170248E-013
   3.2463449594599622E-013
   3.2552463191192454E-013
   3.2641184024713413E-013
   3.2729613314839396E-013
   3.2817752329435979E-013
   3.2905602385636726E-013
   3.2993164850198791E-013
   3.3080441140045269E-013
   3.3167432722010996E-013
   3.3254141112603530E-013
   3.3340567877176867E-013
   3.3426714629054188E-013
   3.3512583028251299E-013
   3.3598174779859309E-013
   3.3683491632366914E-013
   3.3768535375686122E-013
   3.3853307838670208E-013
   3.3937810887009376E-013
   3.4022046420251400E-013
   3.4106016369313261E-013
   3.4189722693295772E-013
   3.4273167376471042E-013
   3.4356352425181384E-013
   3.4439279864320409E-013
   3.4521951734215833E-013
   3.4604370087053421E-013
   3.4686536983358244E-013
   3.4768454488799775E-013
   3.4850124670483601E-013
   3.4931549593673843E-013
   3.5012731318365660E-013
   3.5093671896107817E-013
   3.5174373366824864E-013
   3.5254837755744244E-013
   3.5335067070533444E-013
   3.5415063298517292E-013
   3.5494828404272481E-013
   3.5574364327002723E-013
   3.5653672978538892E-013
   3.5732756241096616E-013
   3.5811615965651858E-013
   3.5890253969929646E-013
   3.5968672037183535E-013
   3.6046871914534987E-013
   3.6124855311939919E-013
   3.6202623901050513E-013
   3.6280179314407097E-013
   3.6357523144478157E-013
   3.6434656943478493E-013
   3.6511582222577676E-013
   3.6588300452012257E-013
   3.6664813060786646E-013
   3.6741121436986681E-013
   3.6817226927931893E-013
   3.6893130840695334E-013
   3.6968834442773291E-013
   3.7044338962551255E-013
   3.7119645590630913E-013
   3.7194755480543786E-013
   3.7269669750094801E-013
   3.7344389482600733E-013
   3.7418915728359924E-013
