3.005999893446186996e-02
4.999999999999999584e-02
9.999999999999999167e-02
1.499999999999999944e-01
1.999999999999999833e-01
2.499999999999999722e-01
2.999999999999999889e-01
3.499999999999999778e-01
3.999999999999999667e-01
4.499999999999999556e-01
4.999999999999999445e-01
5.499999999999999334e-01
5.999999999999999778e-01
6.499999999999999112e-01
6.999999999999999556e-01
7.499999999999998890e-01
7.999999999999999334e-01
8.499999999999999778e-01
8.999999999999999112e-01
9.499999999999999556e-01
9.999999999999998890e-01
1.049999999999999822e+00
1.099999999999999867e+00
1.149999999999999911e+00
1.199999999999999956e+00
1.250000000000000000e+00
1.299999999999999822e+00
1.349999999999999867e+00
1.399999999999999911e+00
1.449999999999999956e+00
1.499999999999999778e+00
1.549999999999999822e+00
1.599999999999999867e+00
1.649999999999999911e+00
1.699999999999999956e+00
1.749999999999999778e+00
1.799999999999999822e+00
1.849999999999999867e+00
1.899999999999999911e+00
1.949999999999999734e+00
1.999999999999999778e+00
2.049999999999999822e+00
2.099999999999999645e+00
2.149999999999999911e+00
2.199999999999999734e+00
2.250000000000000000e+00
2.299999999999999822e+00
2.349999999999999645e+00
2.399999999999999911e+00
2.449999999999999734e+00
2.500000000000000000e+00
2.549999999999999822e+00
2.599999999999999645e+00
2.649999999999999911e+00
2.699999999999999734e+00
2.749999999999999556e+00
2.799999999999999822e+00
2.849999999999999645e+00
2.899999999999999911e+00
2.949999999999999734e+00
2.999999999999999556e+00
3.049999999999999822e+00
3.099999999999999645e+00
3.149999999999999911e+00
3.199999999999999734e+00
3.249999999999999556e+00
3.299999999999999822e+00
3.349999999999999645e+00
3.399999999999999911e+00
3.449999999999999734e+00
3.499999999999999556e+00
3.549999999999999822e+00
3.599999999999999645e+00
3.649999999999999911e+00
3.699999999999999734e+00
3.749999999999999556e+00
3.799999999999999822e+00
3.849999999999999645e+00
3.899999999999999467e+00
3.949999999999999734e+00
3.999999999999999556e+00
4.049999999999999822e+00
4.099999999999999645e+00
4.149999999999999467e+00
4.199999999999999289e+00
4.250000000000000000e+00
4.299999999999999822e+00
4.349999999999999645e+00
4.399999999999999467e+00
4.449999999999999289e+00
4.500000000000000000e+00
4.549999999999999822e+00
4.599999999999999645e+00
4.649999999999999467e+00
4.699999999999999289e+00
4.750000000000000000e+00
4.799999999999999822e+00
4.849999999999999645e+00
4.899999999999999467e+00
4.949999999999999289e+00
5.000000000000000000e+00
5.049999999999999822e+00
5.099999999999999645e+00
5.149999999999999467e+00
5.199999999999999289e+00
5.250000000000000000e+00
5.299999999999999822e+00
5.349999999999999645e+00
5.399999999999999467e+00
5.449999999999999289e+00
5.499999999999999112e+00
5.549999999999999822e+00
5.599999999999999645e+00
5.649999999999999467e+00
5.699999999999999289e+00
5.749999999999999112e+00
5.799999999999999822e+00
5.849999999999999645e+00
5.899999999999999467e+00
5.949999999999999289e+00
5.999999999999999112e+00
6.049999999999999822e+00
6.099999999999999645e+00
6.149999999999999467e+00
6.199999999999999289e+00
6.249999999999999112e+00
6.299999999999999822e+00
6.349999999999999645e+00
6.399999999999999467e+00
6.449999999999999289e+00
6.499999999999999112e+00
6.549999999999999822e+00
6.599999999999999645e+00
6.649999999999999467e+00
6.699999999999999289e+00
6.749999999999999112e+00
6.799999999999999822e+00
6.849999999999999645e+00
6.899999999999999467e+00
6.949999999999999289e+00
6.999999999999999112e+00
7.049999999999999822e+00
7.099999999999999645e+00
7.149999999999999467e+00
7.199999999999999289e+00
7.249999999999999112e+00
7.299999999999999822e+00
7.349999999999999645e+00
7.399999999999999467e+00
7.449999999999999289e+00
7.499999999999999112e+00
7.549999999999998934e+00
7.599999999999999645e+00
7.649999999999999467e+00
7.699999999999999289e+00
7.749999999999999112e+00
7.799999999999998934e+00
7.849999999999999645e+00
7.899999999999999467e+00
7.949999999999999289e+00
7.999999999999999112e+00
8.049999999999998934e+00
8.099999999999999645e+00
8.149999999999998579e+00
8.199999999999999289e+00
8.250000000000000000e+00
8.299999999999998934e+00
8.349999999999999645e+00
8.399999999999998579e+00
8.449999999999999289e+00
8.500000000000000000e+00
8.549999999999998934e+00
8.599999999999999645e+00
8.649999999999998579e+00
8.699999999999999289e+00
8.750000000000000000e+00
8.799999999999998934e+00
8.849999999999999645e+00
8.899999999999998579e+00
8.949999999999999289e+00
9.000000000000000000e+00
9.049999999999998934e+00
9.099999999999999645e+00
9.149999999999998579e+00
9.199999999999999289e+00
9.250000000000000000e+00
9.299999999999998934e+00
9.349999999999999645e+00
9.399999999999998579e+00
9.449999999999999289e+00
9.500000000000000000e+00
9.549999999999998934e+00
9.599999999999999645e+00
9.649999999999998579e+00
9.699999999999999289e+00
9.750000000000000000e+00
9.799999999999998934e+00
9.849999999999999645e+00
9.899999999999998579e+00
9.949999999999999289e+00
1.000000000000000000e+01
1.004999999999999893e+01
1.009999999999999964e+01
1.014999999999999858e+01
1.019999999999999929e+01
1.025000000000000000e+01
1.029999999999999893e+01
1.034999999999999964e+01
1.039999999999999858e+01
1.044999999999999929e+01
1.050000000000000000e+01
1.054999999999999893e+01
1.059999999999999964e+01
1.064999999999999858e+01
1.069999999999999929e+01
1.074999999999999822e+01
1.079999999999999893e+01
1.084999999999999964e+01
1.089999999999999858e+01
1.094999999999999929e+01
1.099999999999999822e+01
1.104999999999999893e+01
1.109999999999999964e+01
1.114999999999999858e+01
1.119999999999999929e+01
1.124999999999999822e+01
1.129999999999999893e+01
1.134999999999999964e+01
1.139999999999999858e+01
1.144999999999999929e+01
1.149999999999999822e+01
1.154999999999999893e+01
1.159999999999999964e+01
1.164999999999999858e+01
1.169999999999999929e+01
1.174999999999999822e+01
1.179999999999999893e+01
1.184999999999999964e+01
1.189999999999999858e+01
1.194999999999999929e+01
1.199999999999999822e+01
1.204999999999999893e+01
1.209999999999999964e+01
1.214999999999999858e+01
1.219999999999999929e+01
1.224999999999999822e+01
1.229999999999999893e+01
1.234999999999999964e+01
1.239999999999999858e+01
1.244999999999999929e+01
1.249999999999999822e+01
1.254999999999999893e+01
1.259999999999999964e+01
1.264999999999999858e+01
1.269999999999999929e+01
1.274999999999999822e+01
1.279999999999999893e+01
1.284999999999999964e+01
1.289999999999999858e+01
1.294999999999999929e+01
1.299999999999999822e+01
1.304999999999999893e+01
1.309999999999999964e+01
1.314999999999999858e+01
1.319999999999999929e+01
1.324999999999999822e+01
1.329999999999999893e+01
1.334999999999999964e+01
1.339999999999999858e+01
1.344999999999999929e+01
1.349999999999999822e+01
1.354999999999999893e+01
1.359999999999999964e+01
1.364999999999999858e+01
1.369999999999999929e+01
1.374999999999999822e+01
1.379999999999999893e+01
1.384999999999999964e+01
1.389999999999999858e+01
1.394999999999999929e+01
1.399999999999999822e+01
1.404999999999999893e+01
1.409999999999999964e+01
1.414999999999999858e+01
1.419999999999999929e+01
1.424999999999999822e+01
1.429999999999999893e+01
1.434999999999999964e+01
1.439999999999999858e+01
1.444999999999999929e+01
1.449999999999999822e+01
1.454999999999999893e+01
1.459999999999999964e+01
1.464999999999999858e+01
1.469999999999999929e+01
1.474999999999999822e+01
1.479999999999999893e+01
1.484999999999999964e+01
1.489999999999999858e+01
1.494999999999999929e+01
1.499999999999999822e+01
1.504999999999999893e+01
1.509999999999999787e+01
1.514999999999999858e+01
1.519999999999999929e+01
1.524999999999999822e+01
1.529999999999999893e+01
1.534999999999999787e+01
1.539999999999999858e+01
1.544999999999999929e+01
1.549999999999999822e+01
1.554999999999999893e+01
1.559999999999999787e+01
1.564999999999999858e+01
1.569999999999999929e+01
1.574999999999999822e+01
1.579999999999999893e+01
1.584999999999999787e+01
1.589999999999999858e+01
1.594999999999999929e+01
1.599999999999999822e+01
1.604999999999999716e+01
1.609999999999999787e+01
1.614999999999999858e+01
1.619999999999999929e+01
1.625000000000000000e+01
1.629999999999999716e+01
1.634999999999999787e+01
1.639999999999999858e+01
1.644999999999999929e+01
1.650000000000000000e+01
1.654999999999999716e+01
1.659999999999999787e+01
1.664999999999999858e+01
1.669999999999999929e+01
1.675000000000000000e+01
1.679999999999999716e+01
1.684999999999999787e+01
1.689999999999999858e+01
1.694999999999999929e+01
1.700000000000000000e+01
1.704999999999999716e+01
1.709999999999999787e+01
1.714999999999999858e+01
1.719999999999999929e+01
1.725000000000000000e+01
1.729999999999999716e+01
1.734999999999999787e+01
1.739999999999999858e+01
1.744999999999999929e+01
1.750000000000000000e+01
1.754999999999999716e+01
1.759999999999999787e+01
1.764999999999999858e+01
1.769999999999999929e+01
1.775000000000000000e+01
1.779999999999999716e+01
1.784999999999999787e+01
1.789999999999999858e+01
1.794999999999999929e+01
1.800000000000000000e+01
1.804999999999999716e+01
1.809999999999999787e+01
1.814999999999999858e+01
1.819999999999999929e+01
1.825000000000000000e+01
1.829999999999999716e+01
1.834999999999999787e+01
1.839999999999999858e+01
1.844999999999999929e+01
1.850000000000000000e+01
1.854999999999999716e+01
1.859999999999999787e+01
1.864999999999999858e+01
1.869999999999999929e+01
1.875000000000000000e+01
1.879999999999999716e+01
1.884999999999999787e+01
1.889999999999999858e+01
1.894999999999999929e+01
1.900000000000000000e+01
1.904999999999999716e+01
1.909999999999999787e+01
1.914999999999999858e+01
1.919999999999999929e+01
1.925000000000000000e+01
1.929999999999999716e+01
1.934999999999999787e+01
1.939999999999999858e+01
1.944999999999999929e+01
1.950000000000000000e+01
1.954999999999999716e+01
1.959999999999999787e+01
1.964999999999999858e+01
1.969999999999999929e+01
1.975000000000000000e+01
1.979999999999999716e+01
1.984999999999999787e+01
1.989999999999999858e+01
1.994999999999999929e+01
2.000000000000000000e+01
2.004999999999999716e+01
2.009999999999999787e+01
2.014999999999999858e+01
2.019999999999999929e+01
2.025000000000000000e+01
2.029999999999999716e+01
2.034999999999999787e+01
2.039999999999999858e+01
2.044999999999999929e+01
2.050000000000000000e+01
2.054999999999999716e+01
2.059999999999999787e+01
2.064999999999999858e+01
2.069999999999999929e+01
2.075000000000000000e+01
2.079999999999999716e+01
2.084999999999999787e+01
2.089999999999999858e+01
2.094999999999999929e+01
2.100000000000000000e+01
2.104999999999999716e+01
2.109999999999999787e+01
2.114999999999999858e+01
2.119999999999999929e+01
2.125000000000000000e+01
2.129999999999999716e+01
2.134999999999999787e+01
2.139999999999999858e+01
2.144999999999999929e+01
2.149999999999999645e+01
2.154999999999999716e+01
2.159999999999999787e+01
2.164999999999999858e+01
2.169999999999999929e+01
2.174999999999999645e+01
2.179999999999999716e+01
2.184999999999999787e+01
2.189999999999999858e+01
2.194999999999999929e+01
2.199999999999999645e+01
2.204999999999999716e+01
2.209999999999999787e+01
2.214999999999999858e+01
2.219999999999999929e+01
2.224999999999999645e+01
2.229999999999999716e+01
2.234999999999999787e+01
2.239999999999999858e+01
2.244999999999999929e+01
2.249999999999999645e+01
2.254999999999999716e+01
2.259999999999999787e+01
2.264999999999999858e+01
2.269999999999999929e+01
2.274999999999999645e+01
2.279999999999999716e+01
2.284999999999999787e+01
2.289999999999999858e+01
2.294999999999999929e+01
2.299999999999999645e+01
2.304999999999999716e+01
2.309999999999999787e+01
2.314999999999999858e+01
2.319999999999999929e+01
2.324999999999999645e+01
2.329999999999999716e+01
2.334999999999999787e+01
2.339999999999999858e+01
2.344999999999999929e+01
2.349999999999999645e+01
2.354999999999999716e+01
2.359999999999999787e+01
2.364999999999999858e+01
2.369999999999999929e+01
2.374999999999999645e+01
2.379999999999999716e+01
2.384999999999999787e+01
2.389999999999999858e+01
2.394999999999999929e+01
2.399999999999999645e+01
2.404999999999999716e+01
2.409999999999999787e+01
2.414999999999999858e+01
2.419999999999999929e+01
2.424999999999999645e+01
2.429999999999999716e+01
2.434999999999999787e+01
2.439999999999999858e+01
2.444999999999999929e+01
2.449999999999999645e+01
2.454999999999999716e+01
2.459999999999999787e+01
2.464999999999999858e+01
2.469999999999999929e+01
2.474999999999999645e+01
2.479999999999999716e+01
2.484999999999999787e+01
2.489999999999999858e+01
2.494999999999999929e+01
0.000000000000000000e+00
0.000000000000000000e+00
0.000000000000000000e+00
0.000000000000000000e+00
0.000000000000000000e+00
0.000000000000000000e+00
0.000000000000000000e+00
0.000000000000000000e+00
0.000000000000000000e+00
0.000000000000000000e+00
0.000000000000000000e+00
0.000000000000000000e+00
0.000000000000000000e+00
0.000000000000000000e+00
0.000000000000000000e+00
0.000000000000000000e+00
0.000000000000000000e+00
0.000000000000000000e+00
0.000000000000000000e+00
0.000000000000000000e+00
0.000000000000000000e+00
0.000000000000000000e+00
0.000000000000000000e+00
0.000000000000000000e+00
0.000000000000000000e+00
0.000000000000000000e+00
0.000000000000000000e+00
0.000000000000000000e+00
0.000000000000000000e+00
0.000000000000000000e+00
0.000000000000000000e+00
0.000000000000000000e+00
0.000000000000000000e+00
0.000000000000000000e+00
0.000000000000000000e+00
0.000000000000000000e+00
0.000000000000000000e+00
0.000000000000000000e+00
0.000000000000000000e+00
0.000000000000000000e+00
0.000000000000000000e+00
0.000000000000000000e+00
0.000000000000000000e+00
0.000000000000000000e+00
0.000000000000000000e+00
0.000000000000000000e+00
0.000000000000000000e+00
0.000000000000000000e+00
0.000000000000000000e+00
0.000000000000000000e+00
0.000000000000000000e+00
0.000000000000000000e+00
0.000000000000000000e+00
1.766427743261155090e-05
3.593535899403818915e-04
4.262207340276225227e-03
2.901923762573691348e-02
1.182476445854840630e-01
3.304467734556892355e-01
6.971642518975178504e-01
1.173491230802746088e+00
1.672247208868096191e+00
2.100852834852717788e+00
2.401158772803038133e+00
2.564278269489770334e+00
2.603101220059685250e+00
2.551759706483128110e+00
2.440308301322855034e+00
2.302872593205643081e+00
2.150423462871729363e+00
2.004399260732881771e+00
1.868909421184407726e+00
1.751473807681370509e+00
1.649335750363412734e+00
1.565193102521744262e+00
1.501252120255212930e+00
1.455478796804009933e+00
1.424276076216739018e+00
1.405844432532235011e+00
1.399533920099393924e+00
1.401272676982370902e+00
1.406747610939895310e+00
1.404697020172938515e+00
1.391334933570639532e+00
1.356938269917686402e+00
1.301752805162458282e+00
1.229942724460102665e+00
1.148198178177085138e+00
1.060630117248156257e+00
9.754285785269979359e-01
8.948008798179326595e-01
8.238255160606551275e-01
7.617905590222364687e-01
7.080359169566095012e-01
6.662146354159595996e-01
6.318046188766275328e-01
6.059024953629885690e-01
5.882561325675575992e-01
5.747113555883723857e-01
5.689487097784490244e-01
5.693681615462271584e-01
5.767420205492064245e-01
5.873406255888790062e-01
6.056774433085240217e-01
6.278052357331792566e-01
6.554998149761793735e-01
6.876502916736416671e-01
7.246048388822816655e-01
7.619609568171386016e-01
8.037962068334401078e-01
8.485103318371178815e-01
8.926988983498588270e-01
9.372266339551710290e-01
9.812775534128792554e-01
1.020463081949990469e+00
1.058728924978152852e+00
1.093433051839092451e+00
1.124905950760134665e+00
1.154909584676421019e+00
1.179890805242269636e+00
1.202206457623866909e+00
1.221725550946798133e+00
1.241888736042026542e+00
1.258104608549672765e+00
1.275193299308006845e+00
1.288693815934124354e+00
1.299654659104040100e+00
1.308607699215220688e+00
1.313977961279922724e+00
1.314248962790233843e+00
1.311404001463260416e+00
1.306268807767556162e+00
1.295566310356802697e+00
1.284674197615956803e+00
1.269849314966039033e+00
1.254815031248284418e+00
1.237625153753336038e+00
1.219806542392575022e+00
1.203360079898959878e+00
1.184144395079181233e+00
1.165627675308993139e+00
1.148373683086994834e+00
1.130947749441839623e+00
1.112852447637888709e+00
1.093866766606599983e+00
1.076173666407110874e+00
1.056716811902096875e+00
1.038165876470403814e+00
1.016775123421703730e+00
9.966053941697481378e-01
9.753580326104177578e-01
9.545041488490881854e-01
9.341584413602823656e-01
9.143529149074058893e-01
8.977524155960487917e-01
8.814701067784475041e-01
8.668454650237350512e-01
8.563244665768898756e-01
8.479916016510167243e-01
8.417794430952800777e-01
8.392264601791599166e-01
8.395071542156291589e-01
8.418512600121150768e-01
8.458190287516348382e-01
8.538722770858026001e-01
8.643672542267871739e-01
8.766722035783566236e-01
8.909491096483108663e-01
9.058550590512370881e-01
9.237875944865239219e-01
9.420012967390326564e-01
9.591088026666533262e-01
9.781228819725449330e-01
9.958909378345872643e-01
1.014035637875789542e+00
1.031543332949222513e+00
1.047883899358403648e+00
1.063404494932865152e+00
1.079259371394938549e+00
1.091375600481233166e+00
1.102861924699397367e+00
1.113506336784472861e+00
1.120784534239757102e+00
1.126878209214509319e+00
1.132429353859667032e+00
1.135647097845192466e+00
1.138273162919358317e+00
1.139822361164678277e+00
1.138417717475574298e+00
1.135728250898986103e+00
1.133754529657722276e+00
1.129434692268356466e+00
1.123589099227319421e+00
1.117285611082341923e+00
1.110388365501376429e+00
1.102567139880597180e+00
1.095069229895466068e+00
1.086505415812876629e+00
1.077790677477753700e+00
1.067636187957943239e+00
1.058934977203584538e+00
1.049368740947242529e+00
1.039573698294425697e+00
1.030414777688182459e+00
1.020446526828951095e+00
1.011296962130440180e+00
1.002949421344819347e+00
9.938965549216125517e-01
9.853662471308810566e-01
9.777936959554057728e-01
9.706416239670156987e-01
9.636940595793735964e-01
9.562371804034026646e-01
9.501563335435373459e-01
9.440812394226607562e-01
9.388941543878865925e-01
9.353260314287791255e-01
9.314561558398516405e-01
9.292627049345387746e-01
9.283857330935260110e-01
9.278842342114923536e-01
9.278024431731565214e-01
9.295760900269485205e-01
9.322033561133876711e-01
9.343169942594284905e-01
9.389830865045371011e-01
9.434841030488312352e-01
9.489342630250094945e-01
9.553628402841116696e-01
9.613392788026514646e-01
9.685803615865137273e-01
9.756072613984930753e-01
9.831128922965896022e-01
9.908277433141622348e-01
9.978894382953400477e-01
1.005495869232777784e+00
1.012098252999789727e+00
1.018628718766328545e+00
1.025055783636678708e+00
1.030751298873697985e+00
1.035643841613762772e+00
1.040299956123131198e+00
1.044639193062098848e+00
1.047077941367933640e+00
1.049881072453960895e+00
1.051324455897673982e+00
1.052887609950787340e+00
1.053810694399817116e+00
1.053580600109578436e+00
1.053170700894862533e+00
1.051975991177210856e+00
1.049566668899446720e+00
1.047087012075324397e+00
1.044628339047980914e+00
1.040685783137278886e+00
1.037218949601504292e+00
1.033439545967690165e+00
1.029101992609747107e+00
1.024452859027642049e+00
1.019107956279876603e+00
1.014867813956063181e+00
1.009645613554874366e+00
1.004129327207883948e+00
9.995247981176343943e-01
9.944094768220312908e-01
9.898672862008750517e-01
9.846416090418297351e-01
9.803319907100973563e-01
9.760149552440267051e-01
9.717745605667146291e-01
9.677697001714323788e-01
9.645133961637522013e-01
9.617475743771694008e-01
9.588157929591180073e-01
9.567611430269141737e-01
9.554753021226941589e-01
9.545565843690901886e-01
9.537097290154441520e-01
9.528012929659795960e-01
9.536487604498330439e-01
9.521955174095105834e-01
9.437054557636803676e-01
9.348581234790936945e-01
9.265828928141949250e-01
9.182039340739445166e-01
9.104886585169105206e-01
9.038775070307970561e-01
8.969270532672728446e-01
8.899936402315924422e-01
8.828519875292576424e-01
8.769998550513953273e-01
8.700711972760213353e-01
8.636959022075748615e-01
8.571444092216362609e-01
8.501243359514216724e-01
8.429112766525806988e-01
8.358406925020528400e-01
8.278945485393811587e-01
8.207224962572635674e-01
8.139865420040724997e-01
8.058331565023032494e-01
7.975281480261775524e-01
7.888302777100063556e-01
7.801414672330878597e-01
7.718848959367601292e-01
7.633938275367212478e-01
7.546812063600042420e-01
7.456501717483979830e-01
7.363116467740348225e-01
7.270099599746547847e-01
7.176789611560426829e-01
7.085117181938952458e-01
6.985696403943414401e-01
6.887061272551073809e-01
6.790791489994715269e-01
6.696342966737075519e-01
6.601784685875028424e-01
6.498841252646301303e-01
6.402492386594061946e-01
6.301138736279516817e-01
6.196617561753181569e-01
6.106507985161531149e-01
6.007770774983478557e-01
5.910906167534950573e-01
5.816167445444212492e-01
5.719708022614851117e-01
5.627525649235656235e-01
5.536304748042638613e-01
5.449881170437865796e-01
5.364864721581006357e-01
5.278401787547958302e-01
5.194891509615328085e-01
5.111879808231722944e-01
5.032585811419058031e-01
4.953097866002099114e-01
4.875386625256535322e-01
4.804033301030891656e-01
4.733375165752400360e-01
4.670100076783438303e-01
4.599628766626897569e-01
4.532167841032343492e-01
4.464522019171342504e-01
4.398627985217942182e-01
4.339606473942931308e-01
4.277074986093001852e-01
4.216414973300399160e-01
4.156338042038112968e-01
4.093786203346929664e-01
4.034895496040235563e-01
3.975558506118707647e-01
3.918086393838288162e-01
3.860413662771798315e-01
3.803199361301712322e-01
3.744461292800773666e-01
3.683763474050181785e-01
3.623158523215204707e-01
3.564701428119377291e-01
3.503980988234390859e-01
3.445929505669467763e-01
3.386566628356100228e-01
3.325332393037661038e-01
3.263105704618797787e-01
3.203470431862441847e-01
3.139441928389056780e-01
3.078479619374429599e-01
3.015965358221573411e-01
2.955627826154235138e-01
2.891993881191144422e-01
2.827211932011711726e-01
2.762671548764999430e-01
2.699858080375556746e-01
2.639046480617816548e-01
2.576322085353976998e-01
2.513407563822923074e-01
2.450254565566971909e-01
2.387580374683724860e-01
2.326224200501689765e-01
2.265272091566021828e-01
2.204359843750168524e-01
2.142818435437821023e-01
2.083229049886520801e-01
2.023994871235520188e-01
1.963281186267998579e-01
1.902838176268661918e-01
1.841613774103394718e-01
1.781800766405682024e-01
1.725253711418024971e-01
1.669048882766089870e-01
1.611988818980334970e-01
1.554140002296360568e-01
1.497636611858879918e-01
1.443402301711412539e-01
1.388361865793509842e-01
1.335880993255693372e-01
1.282038455025442947e-01
1.229090472411216717e-01
1.178076173098715484e-01
1.129451962963237688e-01
1.086455814648479845e-01
1.045321479820155441e-01
1.008207169091381167e-01
9.723497080620137345e-02
9.365468456523436125e-02
9.047758325294222304e-02
8.711876628514791943e-02
8.412109389637867363e-02
8.113911294604471414e-02
7.841320739559190511e-02
7.566562073242959208e-02
7.292842678596248018e-02
7.050391920935965284e-02
6.787857744663940152e-02
6.563427553511907986e-02
6.318845749442908444e-02
6.084134212678181386e-02
5.863129089940685712e-02
5.647464082913451755e-02
5.443735312418705730e-02
5.235282470497910207e-02
5.029570262041008211e-02
4.838493822974138797e-02
4.649171912157720049e-02
4.461743423629286470e-02
4.282587233213046990e-02
4.112066668983879736e-02
3.940301068133929274e-02
3.783070630597259315e-02
3.611220333534238824e-02
3.457756174631917284e-02
3.319138140668401876e-02
3.167100869947997444e-02
3.028658589833724962e-02
2.886794202973440998e-02
2.753140672626623597e-02
2.617132532009581319e-02
2.491116824643674343e-02
2.368299918752486688e-02
2.255724249899938166e-02
2.142811557915884346e-02
2.037061999586382149e-02
1.928850544797583444e-02
1.824519945358507589e-02
1.728927128908471986e-02
1.634428299694384509e-02
1.545179956940123667e-02
1.463865663102203660e-02
1.373000604138419588e-02
1.295803172684814250e-02
1.221195715441298832e-02
1.144552699974225006e-02
1.068483293790513725e-02
1.003101673568576428e-02
9.397877394719993463e-03
8.786581165026953813e-03
8.220301380089398494e-03
7.639490221357085088e-03
7.099969664591638044e-03
6.591338117596753053e-03
6.097680798619852828e-03
5.611074093565402571e-03
5.167071894923811783e-03
4.770489194314828270e-03
4.356431286436529896e-03
3.986797237147035773e-03
3.633086940188589957e-03
3.297231528686501555e-03
2.952138065825140028e-03
2.638084731414946146e-03
2.347107753544920659e-03
2.079252407656415318e-03
1.834232037722100927e-03
1.601731297874048896e-03
1.382956786941610255e-03
1.170875290369302862e-03
9.827246083826859501e-04
8.044186858718981167e-04
6.572163798158523439e-04
5.188523482061596376e-04
3.984453981750440271e-04
2.896661544071829500e-04
2.015460524843777222e-04
1.348242329351470776e-04
7.717155376860486188e-05
3.681622279238623904e-05
1.117642065907029857e-05
1.215528454810192873e-06
0.000000000000000000e+00
0.000000000000000000e+00
0.000000000000000000e+00
0.000000000000000000e+00
0.000000000000000000e+00
0.000000000000000000e+00
0.000000000000000000e+00
0.000000000000000000e+00
0.000000000000000000e+00
0.000000000000000000e+00
0.000000000000000000e+00
0.000000000000000000e+00
0.000000000000000000e+00
0.000000000000000000e+00
